TaskList[Parameter Estimation].(Problem)Parameter Estimation.Best Parameters	TaskList[Parameter Estimation].(Problem)Parameter Estimation.Best Value
(	0.476148	0.660343	4.39384	1.03321	0.696148	0.399697	0.74354	0.104825	1.52441	9.98205	0.142906	0.414945	9.34767	0.171142	0.197879	9.27091	0.912218	1.64015	0.330792	1.45517	2.77823	0.145005	2.95552	0.147976	0.146648	0.118446	5.25741	0.244746	9.91563	2.15722	0.201904	3.16709	8.14868	0.842888	0.167216	1.31266	0.141513	2.08031	6.52283	6.12012	0.513283	0.878643	2.54863	)	1032.37
(	0.380919	0.792412	3.51507	1.23985	0.556918	0.479637	0.594832	0.12579	1.21953	10	0.171487	0.497934	7.47814	0.205371	0.158303	7.41673	0.729775	1.31212	0.39695	1.16414	3.33387	0.116004	2.36442	0.177571	0.117318	0.142135	4.20593	0.195796	9.91563	1.72578	0.242285	2.53367	6.51894	1.01147	0.133773	1.05013	0.169815	2.49637	7.8274	4.89609	0.61594	0.702915	2.0389	)	153.706
(	0.190459	0.792412	3.51507	1.23985	0.556918	0.639516	0.297416	0.12579	0.914647	10	0.171487	0.497934	7.47814	0.205371	0.158303	7.41673	0.364887	1.31212	0.39695	1.16414	3.33387	0.129001	1.18221	0.236761	0.1	0.189514	2.10297	0.1	9.91563	0.862889	0.323047	1.26684	3.25947	1.34862	0.1	0.787596	0.198118	2.49637	10	3.67207	0.821253	0.702915	1.52918	)	18.854
(	0.209505	0.765998	3.69083	1.19852	0.584764	0.655504	0.267674	0.12579	0.914647	10	0.177203	0.514532	7.10423	0.212216	0.166218	7.04589	0.328399	1.24652	0.410182	1.10593	3.445	0.123201	1.06399	0.24268	0.1	0.194252	1.89267	0.1	9.91563	0.7766	0.331123	1.14015	2.93352	1.38234	0.1	0.840103	0.192457	2.49637	10	3.67207	0.821253	0.73806	1.42723	)	17.1596
(	0.247597	0.765998	3.69083	1.19852	0.584764	0.687479	0.237933	0.12579	0.914647	10	0.188635	0.547727	6.35642	0.225908	0.166218	6.30422	0.255421	1.1153	0.436645	0.989518	3.66726	0.1116	0.827545	0.254518	0.1	0.203727	1.47208	0.1	9.91563	0.604022	0.347275	0.886785	2.28163	1.44977	0.1	0.945116	0.181136	2.49637	10	3.67207	0.841784	0.808352	1.22334	)	14.6372
(	0.304735	0.792412	3.51507	1.23985	0.584764	0.719455	0.208191	0.12579	0.914647	10	0.205784	0.597521	5.2347	0.246445	0.158303	5.19171	0.145955	0.918486	0.449877	0.814897	4.00065	0.1	0.472883	0.272275	0.1	0.217941	0.841186	0.10979	9.91563	0.517734	0.355351	0.506734	1.62974	1.55091	0.1	0.997622	0.164155	2.57958	10	3.42726	0.841784	0.913789	1.01945	)	11.0793
(	0.308544	0.787129	3.51507	1.23159	0.590333	0.716258	0.21414	0.124951	0.926842	9.92014	0.206927	0.60084	5.15991	0.247814	0.15672	5.11754	0.138657	0.931607	0.44723	0.803256	4.02287	0.1	0.449239	0.273459	0.1	0.218889	0.799127	0.107832	9.91563	0.534991	0.353736	0.481397	1.56455	1.54417	0.1	0.987121	0.163023	2.59622	10	3.3783	0.837678	0.920818	0.999062	)	10.6755
(	0.316163	0.776564	3.47992	1.22332	0.601472	0.709863	0.226036	0.124112	0.939037	9.76043	0.209214	0.607479	5.01035	0.250552	0.153554	4.96921	0.124062	0.95785	0.441938	0.779973	4.06732	0.1	0.401951	0.275826	0.1	0.220784	0.715008	0.103916	9.91563	0.569507	0.353736	0.430724	1.49936	1.53068	0.1	0.966118	0.160758	2.62951	10	3.28038	0.829465	0.934877	0.978673	)	9.8924
(	0.32759	0.771281	3.40962	1.22332	0.607041	0.706665	0.237933	0.124112	0.939037	9.52086	0.212644	0.617438	4.78601	0.25466	0.148805	4.7467	0.102168	0.997214	0.433999	0.745049	4.134	0.1	0.331018	0.279378	0.1	0.223626	0.58883	0.1	9.91563	0.604022	0.355351	0.354714	1.49936	1.52394	0.1	0.945116	0.157362	2.67944	10	3.1335	0.817146	0.955964	0.958284	)	8.63301
(	0.342827	0.771281	3.30417	1.23159	0.61261	0.706665	0.255778	0.124951	0.926842	9.20144	0.217217	0.630716	4.48688	0.260136	0.142473	4.45004	0.1	1.0497	0.423413	0.721766	4.2229	0.1	0.236442	0.284113	0.1	0.227417	0.420593	0.1	9.91563	0.638538	0.358582	0.253367	1.49936	1.52394	0.1	0.913612	0.152834	2.72936	10	2.93766	0.800721	0.984081	0.937895	)	7.39561
(	0.343589	0.770224	3.3112	1.22993	0.613724	0.706025	0.256967	0.124783	0.929281	9.18546	0.217445	0.63138	4.47193	0.26041	0.142156	4.4352	0.1	1.05232	0.422884	0.724094	4.22735	0.1	0.231713	0.28435	0.1	0.227606	0.412181	0.1	9.91563	0.64199	0.358905	0.2483	1.48632	1.52529	0.1	0.915712	0.152607	2.72603	10	2.92786	0.7999	0.985486	0.933817	)	7.3446
(	0.345112	0.768111	3.32526	1.22663	0.615951	0.706025	0.259347	0.124783	0.929281	9.18546	0.217903	0.632708	4.44201	0.260958	0.141523	4.40554	0.1	1.05757	0.421826	0.728751	4.23624	0.1	0.222255	0.284823	0.1	0.227985	0.395357	0.1	9.91563	0.648893	0.359551	0.238165	1.46024	1.52529	0.1	0.915712	0.152154	2.72603	10	2.90828	0.798258	0.988298	0.925662	)	7.25238
(	0.347398	0.764942	3.34635	1.22167	0.619293	0.706665	0.262916	0.124951	0.926842	9.16949	0.218588	0.6347	4.39714	0.261779	0.140573	4.36103	0.1	1.06544	0.420238	0.735736	4.24957	0.1	0.208069	0.28506	0.100235	0.228554	0.386946	0.1	9.91563	0.659247	0.36052	0.222963	1.43417	1.52529	0.1	0.913612	0.151475	2.72603	10	2.8789	0.795794	0.992516	0.913428	)	7.13794
(	0.350445	0.760715	3.37447	1.21505	0.623748	0.706665	0.267674	0.125119	0.924403	9.13755	0.219503	0.637355	4.33732	0.262875	0.139307	4.3017	0.1	1.07594	0.418121	0.745049	4.26736	0.1	0.198611	0.28506	0.100704	0.228933	0.386946	0.1	9.91563	0.673054	0.361812	0.202694	1.39505	1.52394	0.1	0.909411	0.150569	2.72603	10	2.83973	0.792509	0.998139	0.897117	)	7.01186
(	0.354254	0.755433	3.40962	1.20679	0.629317	0.706025	0.273623	0.125454	0.921964	9.08964	0.220646	0.640675	4.26254	0.264244	0.137724	4.22753	0.1	1.08906	0.415474	0.75669	4.28958	0.1	0.193882	0.284823	0.101408	0.229122	0.395357	0.1	9.91563	0.690311	0.363427	0.177357	1.3429	1.52124	0.1	0.90311	0.149437	2.72936	10	2.79077	0.790045	1.00517	0.876728	)	6.86028
(	0.358826	0.749093	3.43774	1.19687	0.636001	0.704746	0.280761	0.125622	0.921964	9.02575	0.222018	0.644659	4.1728	0.265887	0.135824	4.13853	0.1	1.10481	0.412299	0.77066	4.31625	0.1	0.189153	0.28435	0.101877	0.229501	0.403769	0.1	9.91563	0.711021	0.36472	0.146953	1.29075	1.5172	0.1	0.894709	0.148079	2.73602	10	2.73202	0.788403	1.0136	0.852261	)	6.69319
(	0.364158	0.743811	3.45883	1.1886	0.64157	0.702828	0.289088	0.125622	0.921964	8.9459	0.223619	0.649306	4.06811	0.267804	0.133608	4.0347	0.1	1.12318	0.408594	0.786958	4.34737	0.100232	0.179696	0.28364	0.102581	0.229691	0.420593	0.1	9.91563	0.735182	0.365689	0.111482	1.2386	1.5118	0.1	0.884208	0.146494	2.74601	10	2.66347	0.787581	1.02063	0.823716	)	6.51449
(	0.370253	0.739584	3.47289	1.18199	0.646025	0.70027	0.298606	0.125454	0.924403	8.86604	0.225448	0.654617	3.94846	0.269994	0.131075	3.91603	0.1	1.14417	0.40436	0.805584	4.37404	0.100696	0.174967	0.282693	0.103285	0.23007	0.445829	0.1	9.91563	0.762794	0.366335	0.1	1.19949	1.50506	0.1	0.871607	0.144683	2.75932	10	2.58514	0.787581	1.02907	0.791094	)	6.37303
(	0.37711	0.736415	3.47992	1.17703	0.649367	0.697072	0.309313	0.125119	0.929281	8.77021	0.227506	0.660592	3.81385	0.272459	0.128226	3.78253	0.1	1.16779	0.399596	0.826539	4.39626	0.10116	0.165509	0.281509	0.104223	0.230259	0.479476	0.1	9.91563	0.786955	0.367304	0.1	1.17341	1.49697	0.1	0.861105	0.142645	2.76931	9.98956	2.51659	0.78676	1.03891	0.762549	)	6.28104
(	0.384728	0.734302	3.47992	1.17373	0.651594	0.694514	0.31883	0.124951	0.93172	8.69036	0.229792	0.667232	3.66429	0.275197	0.12506	3.6342	0.1	1.19403	0.394304	0.849821	4.41405	0.101856	0.16078	0.280088	0.105397	0.230449	0.521535	0.1	9.91563	0.807664	0.368596	0.1	1.16037	1.49023	0.1	0.852704	0.140381	2.77596	9.96869	2.45784	0.785118	1.05015	0.738083	)	6.19964
(	0.393108	0.733245	3.47289	1.17207	0.652708	0.692596	0.327158	0.124951	0.93172	8.62647	0.232307	0.674535	3.49977	0.278209	0.121577	3.47103	0.1	1.2229	0.388482	0.875432	4.42738	0.102784	0.156051	0.278431	0.106335	0.230828	0.563595	0.1	9.91563	0.824922	0.370211	0.1	1.1343	1.48213	0.100268	0.846404	0.13789	2.77929	9.93738	2.40888	0.782654	1.06281	0.717694	)	6.10786
(	0.40225	0.733245	3.45883	1.17207	0.652708	0.691317	0.334296	0.125119	0.929281	8.57856	0.235051	0.682501	3.32029	0.281495	0.117778	3.29303	0.1	1.25439	0.382131	0.903372	4.43627	0.103944	0.151323	0.276537	0.107039	0.231397	0.597242	0.1	9.91563	0.838728	0.37215	0.1	1.10822	1.47269	0.100803	0.842203	0.135173	2.77929	9.89563	2.36971	0.779369	1.07687	0.693227	)	5.98933
(	0.412154	0.734302	3.43774	1.17373	0.651594	0.690677	0.340244	0.125454	0.924403	8.54661	0.238024	0.691132	3.12586	0.285055	0.113662	3.10019	0.1	1.2885	0.37525	0.933639	4.44072	0.105336	0.146594	0.274406	0.107978	0.231965	0.639301	0.1	9.91563	0.849083	0.374411	0.1	1.08214	1.46191	0.101605	0.840103	0.132229	2.77596	9.84345	2.34033	0.775263	1.09233	0.664682	)	5.83372
(	0.42282	0.736415	3.40962	1.17703	0.649367	0.690677	0.345003	0.125957	0.917086	8.53064	0.241225	0.700427	2.91647	0.288888	0.109229	2.89252	0.1	1.32524	0.36784	0.966235	4.44072	0.10696	0.141865	0.272038	0.109151	0.232344	0.689773	0.1	9.91563	0.855986	0.376995	0.1	1.06911	1.45246	0.102675	0.840103	0.129512	2.76931	9.78083	2.32075	0.770335	1.1092	0.63206	)	5.63482
(	0.434247	0.739584	3.37447	1.18199	0.646025	0.691317	0.348572	0.126628	0.90733	8.53064	0.244654	0.710386	2.69213	0.292996	0.10448	2.67002	0.1	1.36461	0.359901	1.00116	4.43627	0.108816	0.137136	0.269434	0.110559	0.232534	0.748656	0.1	9.91563	0.859438	0.379903	0.1	1.04303	1.44168	0.104013	0.842203	0.127022	2.75932	9.72865	2.31096	0.766229	1.12748	0.595359	)	5.39002
(	0.446437	0.743811	3.33229	1.1886	0.64157	0.692596	0.350951	0.127467	0.895134	8.54661	0.248313	0.721008	2.45283	0.297377	0.1	2.43269	0.1	1.4066	0.351433	1.03841	4.42738	0.110904	0.132407	0.266593	0.112201	0.232534	0.81595	0.1	9.91563	0.859438	0.383133	0.1	1.02999	1.42954	0.105618	0.846404	0.124758	2.75266	9.6869	2.30116	0.762944	1.14716	0.554581	)	5.10568
(	0.459388	0.749093	3.28308	1.19687	0.636001	0.694514	0.352141	0.128473	0.8805	8.57856	0.2522	0.732295	2.19857	0.302032	0.1	2.18052	0.1	1.45121	0.342436	1.07799	4.41405	0.113224	0.132407	0.263988	0.113609	0.232723	0.874833	0.1	9.91563	0.855986	0.386687	0.1	1.01695	1.41605	0.107491	0.852704	0.12272	2.74601	9.65559	2.30116	0.76048	1.16824	0.509726	)	4.8062
(	0.473101	0.755433	3.22684	1.20679	0.629317	0.697072	0.352141	0.129647	0.863427	8.62647	0.256316	0.744245	1.92936	0.306961	0.1	1.91352	0.1	1.49844	0.332909	1.1199	4.39626	0.115777	0.127678	0.261147	0.115251	0.232723	0.942128	0.1	9.91563	0.849083	0.390563	0.1	1.00392	1.40122	0.109632	0.861105	0.120908	2.73602	9.61385	2.31096	0.758837	1.18793	0.460792	)	4.55118
(	0.487576	0.762829	3.16357	1.21836	0.621521	0.70027	0.350951	0.130989	0.843914	8.69036	0.260203	0.755532	1.6751	0.311616	0.100317	1.66135	0.10146	1.54831	0.322853	1.16414	4.37404	0.118561	0.127678	0.258543	0.116659	0.232913	1.00101	0.1	9.91563	0.838728	0.394763	0.1	0.990879	1.38503	0.111504	0.871607	0.118871	2.72271	9.56167	2.32075	0.756374	1.2062	0.415936	)	4.47211
(	0.487424	0.76304	3.16216	1.21869	0.621298	0.700398	0.350713	0.131022	0.843426	8.69355	0.260157	0.755399	1.67809	0.311561	0.10038	1.66431	0.101751	1.54883	0.322747	1.1646	4.37315	0.118607	0.126733	0.258496	0.116612	0.232951	1.00269	0.1	9.91563	0.838038	0.394828	0.1	0.993487	1.38476	0.111451	0.872027	0.118825	2.72337	9.56167	2.31879	0.756209	1.20592	0.416752	)	4.46583
(	0.487119	0.763462	3.15935	1.21935	0.620852	0.700654	0.350237	0.131089	0.842451	8.69994	0.260065	0.755133	1.68408	0.311452	0.100507	1.67025	0.102335	1.54988	0.322535	1.16554	4.37137	0.1187	0.126733	0.258401	0.116612	0.232951	1.00606	0.1	9.91563	0.836657	0.394957	0.1	0.998702	1.38422	0.111344	0.872867	0.118735	2.72337	9.55958	2.31683	0.755881	1.20536	0.418383	)	4.45528
(	0.486662	0.764096	3.15513	1.22034	0.620184	0.701037	0.349523	0.13119	0.840987	8.70952	0.259928	0.754735	1.69305	0.311287	0.100697	1.67915	0.103211	1.55145	0.322218	1.16693	4.3687	0.118839	0.126733	0.258259	0.116659	0.232913	1.01111	0.1	9.91563	0.834586	0.395151	0.1	1.00131	1.38342	0.111183	0.874127	0.118599	2.72271	9.5554	2.31683	0.755388	1.20451	0.420829	)	4.44162
(	0.486052	0.764942	3.14951	1.22167	0.619293	0.701549	0.348572	0.131324	0.839036	8.7223	0.259745	0.754204	1.69903	0.311178	0.10095	1.69101	0.104087	1.55355	0.321794	1.1688	4.36515	0.119025	0.127678	0.258069	0.116659	0.232913	1.01784	0.1	9.91563	0.831825	0.395409	0.1	1.00652	1.38234	0.110969	0.875807	0.118418	2.72137	9.54914	2.31487	0.754731	1.20339	0.424092	)	4.42682
(	0.485291	0.765998	3.14248	1.22332	0.618179	0.702188	0.347382	0.131492	0.836597	8.73827	0.259517	0.753806	1.70202	0.311123	0.101266	1.70585	0.104671	1.55618	0.321265	1.17112	4.3607	0.119257	0.127678	0.257833	0.116706	0.232875	1.02625	0.1	9.91563	0.828374	0.395732	0.1	1.01174	1.38099	0.110702	0.877907	0.118191	2.71938	9.54079	2.31096	0.75391	1.20198	0.428169	)	4.41122
(	0.484376	0.767266	3.13404	1.2253	0.616843	0.702956	0.345954	0.131693	0.83367	8.75743	0.259242	0.75354	1.70202	0.311123	0.101646	1.72365	0.104962	1.55933	0.32063	1.17392	4.35537	0.119489	0.128624	0.257548	0.1168	0.232799	1.03634	0.1	9.91563	0.824232	0.39612	0.1	1.01695	1.37937	0.110381	0.880428	0.11792	2.71672	9.53036	2.30508	0.752924	1.2003	0.433063	)	4.39449
(	0.48331	0.768745	3.1242	1.22762	0.615283	0.703851	0.344289	0.131928	0.830255	8.77979	0.258922	0.753407	1.69903	0.311178	0.10209	1.73848	0.104962	1.563	0.319889	1.17718	4.34915	0.119767	0.12957	0.257217	0.116847	0.232761	1.04812	0.1	9.91563	0.82078	0.396572	0.1	1.02478	1.37748	0.110006	0.883368	0.117603	2.71339	9.51783	2.30116	0.751775	1.19889	0.438772	)	4.37676
(	0.482091	0.770436	3.11295	1.23026	0.613501	0.704874	0.342385	0.132196	0.826353	8.80535	0.258556	0.753407	1.69305	0.311287	0.102596	1.75035	0.104671	1.5672	0.319042	1.1809	4.34203	0.120092	0.130516	0.256838	0.116847	0.232761	1.06158	0.1	9.91563	0.818019	0.397089	0.1	1.0326	1.37532	0.109578	0.886728	0.11724	2.70939	9.50322	2.29725	0.750461	1.1972	0.445296	)	4.35775
(	0.48072	0.772337	3.10029	1.23324	0.611496	0.70577	0.340244	0.132431	0.822938	8.8341	0.258145	0.75354	1.68408	0.311452	0.103166	1.75925	0.104087	1.57192	0.318089	1.18509	4.33403	0.120463	0.131462	0.256412	0.1168	0.232723	1.07672	0.1	9.91563	0.815948	0.39767	0.1	1.04303	1.3729	0.109097	0.890509	0.116833	2.70473	9.48652	2.29137	0.748982	1.19552	0.452636	)	4.33781
(	0.479196	0.774451	3.08623	1.23654	0.609268	0.706537	0.33834	0.132632	0.820011	8.85965	0.257687	0.753806	1.67211	0.311671	0.103799	1.77111	0.103211	1.57717	0.317031	1.18975	4.32514	0.120881	0.132407	0.255939	0.1168	0.232647	1.09354	0.1	9.91563	0.814567	0.398187	0.1	1.05346	1.3702	0.108561	0.894709	0.11638	2.69941	9.46774	2.28354	0.74734	1.19355	0.460792	)	4.31736
(	0.47752	0.776775	3.07077	1.24018	0.606818	0.707177	0.336675	0.1328	0.817572	8.88201	0.257184	0.754204	1.65716	0.311945	0.104496	1.78595	0.102043	1.58295	0.315866	1.19487	4.31536	0.121298	0.134299	0.255418	0.116753	0.232609	1.10868	0.1	9.91563	0.813877	0.398639	0.1	1.0665	1.36723	0.107973	0.89933	0.115882	2.69475	9.45104	2.27375	0.745697	1.1913	0.469763	)	4.29685
(	0.475691	0.779311	3.0539	1.24415	0.604145	0.707688	0.335247	0.132934	0.815621	8.90118	0.256636	0.75447	1.63921	0.312273	0.105256	1.80375	0.100584	1.58924	0.314596	1.20046	4.30469	0.121762	0.135245	0.254849	0.116753	0.232534	1.12551	0.1	9.91563	0.813877	0.399027	0.1	1.08214	1.364	0.107331	0.903531	0.115338	2.69075	9.43643	2.26199	0.744219	1.18877	0.47955	)	4.27698
(	0.473711	0.782058	3.03562	1.24845	0.601249	0.708072	0.334058	0.133035	0.814158	8.91715	0.256041	0.754602	1.62425	0.312657	0.106079	1.82451	0.1	1.59607	0.31322	1.20651	4.29314	0.122226	0.137136	0.254234	0.116753	0.23242	1.14401	0.1	9.91563	0.814567	0.39935	0.1	1.09779	1.36049	0.106635	0.907311	0.11475	2.68742	9.4239	2.24829	0.742905	1.18596	0.488521	)	4.25803
(	0.471577	0.785016	3.01593	1.25308	0.59813	0.708328	0.333106	0.133102	0.813182	8.92992	0.255401	0.754602	1.6063	0.313095	0.106965	1.84825	0.1	1.60341	0.311738	1.21303	4.28069	0.12269	0.139028	0.253571	0.116706	0.232268	1.1642	0.1	9.91563	0.815948	0.399609	0.1	1.11604	1.35671	0.105886	0.910671	0.114116	2.68476	9.41347	2.23262	0.741755	1.18286	0.496677	)	4.23999
(	0.469292	0.788186	2.99484	1.25804	0.594789	0.708456	0.332392	0.133136	0.812694	8.93951	0.254715	0.75447	1.58537	0.313588	0.107915	1.87495	0.1	1.61129	0.31015	1.22002	4.26736	0.123201	0.140919	0.252861	0.116612	0.232079	1.18607	0.1	9.91563	0.818019	0.399802	0.1	1.1369	1.35267	0.105083	0.913612	0.113437	2.68276	9.40512	2.21499	0.74077	1.17949	0.504017	)	4.22374
(	0.466854	0.791355	2.97235	1.26333	0.591224	0.708456	0.331916	0.133136	0.812694	8.9459	0.253983	0.75447	1.56143	0.314135	0.108928	1.90462	0.1	1.61968	0.308457	1.22747	4.25313	0.123758	0.142811	0.252103	0.116472	0.231851	1.20963	0.1	9.91563	0.82078	0.399932	0.1	1.15776	1.34835	0.104227	0.916132	0.112712	2.68143	9.39886	2.19541	0.739949	1.17584	0.510541	)	4.21032
(	0.464264	0.794314	2.95126	1.26828	0.587883	0.708328	0.331678	0.133102	0.813182	8.94909	0.253206	0.754602	1.53451	0.314738	0.110005	1.93725	0.1	1.62861	0.306657	1.23538	4.23802	0.124361	0.144702	0.251298	0.116284	0.231586	1.23486	0.1	9.91563	0.824232	0.399996	0.1	1.18123	1.34377	0.103318	0.918232	0.111942	2.68077	9.39468	2.17387	0.739292	1.1719	0.51625	)	4.20073
(	0.461521	0.797061	2.93157	1.27291	0.584764	0.708072	0.331678	0.133035	0.814158	8.94909	0.252383	0.754868	1.5046	0.315395	0.111145	1.97285	0.1	1.63805	0.304752	1.24377	4.22201	0.12501	0.146594	0.250493	0.116049	0.231359	1.25841	0.1	9.91563	0.828374	0.399996	0.1	1.20209	1.33891	0.102354	0.920753	0.111127	2.68077	9.39051	2.15036	0.738635	1.16824	0.521143	)	4.19507
(	0.458626	0.799596	2.91329	1.27721	0.581868	0.707688	0.331916	0.132934	0.815621	8.9459	0.251514	0.755266	1.4717	0.316107	0.112348	2.00548	0.1	1.64803	0.302741	1.25261	4.20512	0.125706	0.148485	0.249688	0.115768	0.231169	1.28029	0.1	9.91563	0.833206	0.399932	0.1	1.22295	1.33379	0.101338	0.923693	0.110267	2.6801	9.38424	2.1249	0.737813	1.16487	0.525221	)	4.19333
(	0.458657	0.799554	2.91357	1.27715	0.581913	0.707663	0.331964	0.132928	0.815719	8.94526	0.251505	0.755293	1.4711	0.316118	0.11236	2.00489	0.1	1.64813	0.302719	1.25271	4.20494	0.125716	0.148296	0.249679	0.115768	0.231162	1.28062	0.1	9.91563	0.833344	0.399919	0.1	1.22348	1.33373	0.101327	0.923777	0.110258	2.67997	9.38424	2.12451	0.737781	1.16487	0.525058	)	4.19303
(	0.458718	0.79947	2.91414	1.27701	0.582002	0.707611	0.332059	0.132914	0.815914	8.94398	0.251487	0.755346	1.4699	0.31614	0.112386	2.0037	0.1	1.64834	0.302677	1.25289	4.20459	0.125734	0.148107	0.249669	0.115768	0.231154	1.28129	0.1	9.91563	0.83362	0.399893	0.1	1.22348	1.33362	0.101306	0.923945	0.110239	2.6797	9.38383	2.12373	0.737715	1.16493	0.524732	)	4.19246
(	0.458809	0.799343	2.91498	1.27681	0.582135	0.707535	0.332107	0.132894	0.816206	8.94206	0.251459	0.755426	1.46811	0.316172	0.112424	2.00192	0.1	1.64866	0.302614	1.25317	4.20406	0.125744	0.147918	0.24965	0.115758	0.231139	1.28197	0.1	9.91563	0.834034	0.399867	0.1	1.22295	1.33352	0.101274	0.924197	0.110212	2.67944	9.38341	2.12255	0.737682	1.16498	0.524243	)	4.19163
(	0.458931	0.799174	2.9161	1.27655	0.582314	0.707432	0.332107	0.132867	0.816597	8.93951	0.251422	0.755532	1.46571	0.316216	0.112474	2.00074	0.1	1.64908	0.302529	1.25354	4.20334	0.125753	0.147729	0.249622	0.115739	0.231116	1.28298	0.1	9.91563	0.834586	0.399828	0.1	1.22191	1.33341	0.101231	0.924533	0.110176	2.67904	9.38341	2.12099	0.737616	1.16504	0.52359	)	4.19058
(	0.459083	0.798962	2.91751	1.27622	0.582536	0.707356	0.332059	0.132834	0.816987	8.93759	0.251377	0.755665	1.46272	0.316271	0.112538	2.00014	0.1	1.6496	0.302423	1.25401	4.20246	0.125771	0.14754	0.249584	0.115711	0.231086	1.28432	0.1	9.91563	0.835277	0.399777	0.1	1.22035	1.3333	0.101177	0.924953	0.110131	2.67864	9.38341	2.11903	0.737551	1.1651	0.522774	)	4.18931
(	0.459266	0.798709	2.9192	1.27582	0.582804	0.707304	0.331964	0.132793	0.81728	8.93631	0.251322	0.755824	1.45913	0.316337	0.112614	2.00014	0.1	1.65023	0.302296	1.25457	4.20139	0.125799	0.147161	0.249537	0.115674	0.231055	1.28567	0.1	9.91563	0.836105	0.399712	0.1	1.21826	1.33314	0.101113	0.925457	0.110076	2.6781	9.38341	2.11668	0.737485	1.16515	0.521796	)	4.18785
(	0.459479	0.798413	2.92117	1.27536	0.583116	0.707279	0.331821	0.132747	0.817475	8.93567	0.251258	0.75601	1.45495	0.316413	0.112702	2.00074	0.1	1.65097	0.302148	1.25522	4.20014	0.125836	0.146783	0.249489	0.115636	0.231017	1.28735	0.1	9.91563	0.837072	0.39966	0.1	1.21565	1.33292	0.101038	0.926045	0.110013	2.67744	9.38341	2.11394	0.737386	1.16521	0.520654	)	4.1862
(	0.459723	0.798075	2.92342	1.27483	0.583472	0.707279	0.331631	0.132693	0.817572	8.93567	0.251185	0.756222	1.45016	0.316501	0.112804	2.00192	0.1	1.65181	0.301978	1.25597	4.19872	0.125883	0.146405	0.249432	0.115589	0.230972	1.28937	0.1	9.91563	0.838176	0.399622	0.1	1.21304	1.33271	0.100952	0.926717	0.109941	2.67664	9.38341	2.1108	0.737255	1.16532	0.519349	)	4.18441
(	0.459998	0.797695	2.92595	1.27424	0.583873	0.707304	0.331393	0.132632	0.817572	8.93631	0.251102	0.756461	1.44478	0.3166	0.112918	2.0037	0.1	1.65275	0.301788	1.2568	4.19712	0.125938	0.146026	0.249366	0.115533	0.230919	1.29173	0.1	9.91563	0.839419	0.399596	0.1	1.21044	1.33244	0.100856	0.927473	0.109859	2.67571	9.38299	2.10728	0.737091	1.16549	0.517881	)	4.1825
(	0.460302	0.797272	2.92876	1.27357	0.584319	0.707304	0.331107	0.132565	0.81767	8.93759	0.251011	0.756727	1.43879	0.316709	0.113044	2.00608	0.1	1.6538	0.301576	1.25774	4.19534	0.126003	0.145459	0.24929	0.115467	0.230858	1.29442	0.1	9.91563	0.840799	0.399583	0.1	1.20783	1.33211	0.100749	0.928314	0.109769	2.67464	9.38216	2.10414	0.736894	1.16571	0.51625	)	4.18049
(	0.460637	0.796807	2.93185	1.27285	0.584809	0.70733	0.330774	0.132492	0.81767	8.93951	0.25091	0.757019	1.43221	0.31683	0.113183	2.00904	0.1	1.65495	0.301343	1.25876	4.19339	0.126078	0.144891	0.249205	0.115392	0.23079	1.29745	0.1	9.91563	0.842318	0.399583	0.1	1.2047	1.33174	0.100631	0.929238	0.109669	2.67344	9.38091	2.1014	0.736664	1.16599	0.514782	)	4.1784
(	0.461003	0.7963	2.93523	1.27205	0.585343	0.707381	0.330394	0.132411	0.817572	8.94206	0.250801	0.757338	1.42503	0.316961	0.113335	2.0126	0.1	1.65621	0.301089	1.25988	4.19125	0.126161	0.144324	0.24911	0.115308	0.230714	1.30081	0.1	9.91563	0.843975	0.399596	0.1	1.20105	1.3313	0.100503	0.930246	0.10956	2.67211	9.37924	2.09905	0.736401	1.16633	0.513314	)	4.17625
(	0.461399	0.795751	2.93888	1.27119	0.585922	0.707458	0.329965	0.132324	0.817377	8.94526	0.250682	0.757683	1.41726	0.317103	0.1135	2.01676	0.1	1.65758	0.300814	1.26109	4.18894	0.126254	0.143567	0.249016	0.115223	0.230631	1.30417	0.1	9.91563	0.845769	0.399622	0.1	1.19688	1.33082	0.100364	0.931338	0.109442	2.67065	9.37715	2.09709	0.736105	1.16673	0.512009	)	4.17406
(	0.461826	0.795159	2.94282	1.27027	0.586546	0.70756	0.329489	0.132243	0.817085	8.94909	0.250554	0.758055	1.40888	0.317257	0.113677	2.0215	0.1	1.65905	0.300518	1.26239	4.18645	0.126356	0.143	0.248911	0.115129	0.23054	1.3072	0.1	9.91563	0.847702	0.39966	0.1	1.19218	1.33028	0.100214	0.932514	0.109316	2.66905	9.37464	2.09553	0.735777	1.16718	0.510867	)	4.17185
(	0.462283	0.794525	2.94704	1.26928	0.587214	0.707688	0.328966	0.13217	0.816694	8.95356	0.250416	0.758426	1.39991	0.317421	0.113867	2.02684	0.1	1.66062	0.3002	1.26379	4.18379	0.126467	0.142243	0.248798	0.115036	0.230441	1.31057	0.1	9.91563	0.849773	0.399712	0.1	1.18749	1.32969	0.100054	0.933774	0.10918	2.66732	9.37172	2.09435	0.735415	1.16763	0.509889	)	4.16966
(	0.462771	0.793849	2.95154	1.26822	0.587927	0.707842	0.328395	0.132102	0.816206	8.95867	0.25027	0.758772	1.39034	0.317596	0.11407	2.03278	0.1	1.6623	0.299861	1.26528	4.18094	0.126588	0.141487	0.248675	0.114932	0.230335	1.31427	0.1	9.91563	0.851982	0.399777	0.1	1.18228	1.32904	0.1	0.935118	0.109035	2.66546	9.36838	2.09357	0.735021	1.16813	0.509073	)	4.16751
(	0.463289	0.79313	2.95576	1.26709	0.588685	0.708021	0.327776	0.132042	0.815621	8.96442	0.250115	0.759117	1.38016	0.317783	0.114285	2.0393	0.1	1.66409	0.299501	1.26686	4.17792	0.126709	0.14073	0.248552	0.114829	0.230222	1.31763	0.1	9.91563	0.854329	0.399854	0.1	1.17654	1.32834	0.1	0.936547	0.108881	2.66346	9.36462	2.09318	0.734594	1.16869	0.508421	)	4.16543
(	0.463837	0.79237	2.95969	1.2659	0.589487	0.708225	0.32711	0.131988	0.814938	8.97081	0.24995	0.759489	1.3694	0.31798	0.114513	2.04642	0.1	1.66598	0.29912	1.26854	4.17472	0.126839	0.139784	0.248419	0.114716	0.2301	1.32133	0.1	9.91563	0.856814	0.399945	0.1	1.17132	1.32758	0.1	0.938059	0.108718	2.66133	9.36045	2.09318	0.734134	1.16931	0.507768	)	4.16342
(	0.464416	0.791567	2.96335	1.26478	0.590333	0.708456	0.326396	0.131941	0.814158	8.97784	0.249776	0.759834	1.35803	0.318188	0.114754	2.05414	0.1	1.66797	0.298718	1.27031	4.17134	0.126978	0.139028	0.248277	0.114594	0.229971	1.32537	0.1	9.91563	0.859438	0.400048	0.1	1.16559	1.32677	0.1	0.939655	0.108546	2.65907	9.35586	2.09357	0.733641	1.16999	0.507279	)	4.16149
(	0.465026	0.790721	2.96672	1.26372	0.591135	0.708711	0.325635	0.131901	0.81328	8.9855	0.249593	0.760153	1.34606	0.318407	0.115007	2.06244	0.1	1.67007	0.298295	1.27217	4.16778	0.127117	0.138271	0.248135	0.114463	0.229835	1.32941	0.1	9.91563	0.862061	0.400164	0.1	1.15985	1.32596	0.1	0.941335	0.108365	2.65667	9.35085	2.09435	0.733116	1.17072	0.506953	)	4.15963
(	0.465666	0.789834	2.96982	1.26273	0.591893	0.708993	0.324826	0.131868	0.812304	8.99381	0.249401	0.760445	1.3335	0.318637	0.115273	2.07134	0.1	1.67227	0.29785	1.27413	4.16405	0.127266	0.137514	0.247993	0.114332	0.229691	1.33378	0.1	9.91563	0.864546	0.400293	0.1	1.15411	1.3251	0.1	0.943099	0.108175	2.65414	9.34542	2.09553	0.732557	1.17151	0.50679	)	4.15783
(	0.466336	0.788989	2.97263	1.2618	0.592605	0.7093	0.323969	0.131841	0.811231	9.00275	0.2492	0.76071	1.32034	0.318878	0.115552	2.08084	0.1	1.67458	0.297384	1.27618	4.16014	0.127423	0.136758	0.247841	0.114191	0.229539	1.3385	0.1	9.91563	0.866893	0.400436	0.1	1.1489	1.32418	0.1	0.944948	0.107975	2.65148	9.33958	2.09709	0.731966	1.17235	0.50679	)	4.15606
(	0.467037	0.788186	2.97516	1.26094	0.593274	0.709632	0.323065	0.131821	0.81006	9.01234	0.24899	0.760949	1.30778	0.31913	0.115843	2.09092	0.1	1.677	0.296897	1.27832	4.15605	0.12759	0.135812	0.24768	0.114041	0.22938	1.34354	0.1	9.91563	0.869102	0.400591	0.1	1.14368	1.32321	0.1	0.94688	0.107767	2.64868	9.33373	2.09905	0.731342	1.17325	0.506953	)	4.1543
(	0.467768	0.787425	2.97741	1.26015	0.593897	0.70999	0.322113	0.131807	0.808792	9.02256	0.24877	0.761162	1.29581	0.319393	0.116147	2.1016	0.1	1.67952	0.296389	1.28055	4.15178	0.127767	0.135055	0.24751	0.113891	0.229221	1.34893	0.1	9.91563	0.871311	0.400759	0.1	1.13847	1.32219	0.1	0.948896	0.10755	2.64575	9.32747	2.1014	0.730685	1.1742	0.507279	)	4.15254
(	0.46853	0.786707	2.97938	1.25942	0.594477	0.710374	0.321114	0.131801	0.807426	9.03342	0.248542	0.761348	1.28444	0.319667	0.116464	2.11288	0.1	1.68214	0.29586	1.28288	4.14734	0.127952	0.134299	0.24733	0.113731	0.229054	1.35465	0.1	9.91563	0.873658	0.40094	0.1	1.13325	1.32111	0.1	0.950996	0.107323	2.64269	9.32079	2.10414	0.729995	1.17522	0.507768	)	4.15075
(	0.469322	0.78603	2.98106	1.25876	0.595011	0.710783	0.320067	0.131801	0.805962	9.04492	0.248304	0.761507	1.27368	0.31994	0.116793	2.12474	0.1	1.68487	0.29531	1.2853	4.14271	0.128138	0.133731	0.247159	0.113562	0.22888	1.3607	0.1	9.91563	0.876143	0.401133	0.1	1.12856	1.31998	0.1	0.953181	0.107088	2.63949	9.31369	2.10728	0.729272	1.17629	0.508094	)	4.14892
(	0.470145	0.785396	2.98247	1.25817	0.595501	0.711218	0.318973	0.131807	0.804401	9.05706	0.248057	0.76164	1.26351	0.320214	0.117135	2.1372	0.1	1.68771	0.294738	1.28782	4.13791	0.128324	0.132975	0.246989	0.113384	0.228698	1.3671	0.1	9.91563	0.878766	0.40134	0.1	1.12334	1.31879	0.1	0.955449	0.106843	2.63617	9.30618	2.1108	0.728517	1.17741	0.508258	)	4.14703
(	0.470998	0.784805	2.98359	1.25764	0.595947	0.711679	0.317831	0.131821	0.802743	9.06983	0.247801	0.761746	1.25393	0.320499	0.117489	2.15026	0.1	1.69064	0.294145	1.29042	4.13293	0.128518	0.132218	0.246809	0.113196	0.228508	1.37382	0.1	9.91563	0.881528	0.40156	0.1	1.11865	1.31755	0.1	0.957801	0.10659	2.6327	9.29867	2.11394	0.727728	1.17859	0.508258	)	4.14506
(	0.471882	0.784255	2.98444	1.25718	0.596348	0.712165	0.316641	0.131841	0.800987	9.08325	0.247535	0.761826	1.24496	0.320795	0.117857	2.1639	0.1	1.69369	0.293531	1.29313	4.12778	0.128704	0.131462	0.246629	0.113008	0.228319	1.38089	0.1	9.91563	0.884427	0.401792	0.1	1.11448	1.31625	0.1	0.960237	0.106327	2.62911	9.29115	2.11668	0.726907	1.17983	0.508094	)	4.14301
(	0.472796	0.783748	2.985	1.25678	0.596704	0.712676	0.315404	0.131868	0.799133	9.0973	0.247261	0.761879	1.23658	0.321101	0.118237	2.17814	0.1	1.69684	0.292896	1.29592	4.12244	0.12889	0.130894	0.246449	0.112811	0.228122	1.38829	0.1	9.91563	0.887464	0.402038	0.1	1.10978	1.31491	0.1	0.962758	0.106055	2.62538	9.28322	2.11903	0.726053	1.18112	0.507768	)	4.14085
(	0.473741	0.783283	2.98528	1.25645	0.597016	0.713214	0.314119	0.131901	0.797182	9.112	0.246978	0.761905	1.22881	0.321419	0.118629	2.19298	0.1	1.70009	0.29224	1.29881	4.11693	0.129085	0.130137	0.24626	0.112605	0.227917	1.39603	0.1	9.91563	0.89064	0.402296	0.1	1.10561	1.3135	0.1	0.965362	0.105774	2.62152	9.27487	2.12099	0.725166	1.18247	0.507279	)	4.13859
(	0.474716	0.782861	2.98528	1.25618	0.597284	0.713776	0.312787	0.131941	0.795133	9.12733	0.246685	0.761905	1.22043	0.321748	0.119034	2.2084	0.1	1.70345	0.291562	1.30179	4.11124	0.129289	0.12957	0.246061	0.112389	0.227705	1.40411	0.1	9.91563	0.893953	0.402568	0.1	1.10196	1.31205	0.1	0.96805	0.105485	2.61753	9.2661	2.12334	0.724279	1.18382	0.506626	)	4.13625
(	0.475722	0.78248	2.985	1.25599	0.597506	0.714365	0.311406	0.131988	0.792987	9.1433	0.246383	0.761879	1.21146	0.322087	0.119452	2.22442	0.1	1.70691	0.290864	1.30486	4.10537	0.129502	0.128813	0.245853	0.112164	0.227485	1.41252	0.1	9.91563	0.897405	0.402852	0.1	1.09831	1.31054	0.100011	0.970823	0.105186	2.6134	9.25692	2.12608	0.723359	1.18523	0.505811	)	4.13381
(	0.476758	0.782142	2.98444	1.25585	0.597685	0.714979	0.309979	0.132042	0.790743	9.15991	0.246072	0.761826	1.20189	0.322438	0.119883	2.24104	0.1	1.71048	0.290144	1.30803	4.09933	0.129725	0.128246	0.245635	0.111929	0.227258	1.42127	0.1	9.91563	0.900994	0.403149	0.1	1.09466	1.30897	0.100011	0.973679	0.104878	2.60914	9.24732	2.12921	0.722407	1.18669	0.504832	)	4.13126
(	0.477825	0.781846	2.98359	1.25579	0.597818	0.715618	0.308504	0.132102	0.788401	9.17716	0.245752	0.761746	1.19172	0.322799	0.120326	2.25824	0.1	1.71416	0.289403	1.31129	4.0931	0.129957	0.127678	0.245426	0.111685	0.227023	1.43002	0.1	9.91563	0.904722	0.403459	0.1	1.09101	1.30735	0.1	0.976619	0.104561	2.60474	9.2373	2.13274	0.721421	1.18821	0.50369	)	4.12862
(	0.478922	0.781593	2.98247	1.25579	0.597907	0.716283	0.306981	0.13217	0.785962	9.19505	0.245423	0.76164	1.18095	0.323171	0.120782	2.27604	0.1	1.71794	0.288641	1.31464	4.0867	0.130198	0.127111	0.245218	0.111432	0.22678	1.4391	0.1	9.91563	0.908588	0.403782	0.1	1.08736	1.30568	0.1	0.979644	0.104235	2.60022	9.22686	2.13665	0.720403	1.18978	0.502712	)	4.12586
(	0.480049	0.781382	2.98106	1.25585	0.597952	0.716974	0.305411	0.13223	0.783426	9.21357	0.245084	0.761507	1.16958	0.323555	0.121251	2.29444	0.1	1.72182	0.287858	1.31808	4.08012	0.130449	0.126544	0.24501	0.111169	0.22653	1.44785	0.1	9.91563	0.912592	0.404118	0.1	1.08423	1.30395	0.1	0.982752	0.1039	2.59556	9.21601	2.14096	0.719352	1.19141	0.501896	)	4.123
(	0.481207	0.781212	2.97938	1.25599	0.597952	0.717639	0.303793	0.132284	0.780986	9.23146	0.244737	0.761348	1.15762	0.323949	0.121732	2.31343	0.1	1.72581	0.287053	1.32162	4.07337	0.130699	0.125976	0.244792	0.110906	0.22628	1.45626	0.1	9.91563	0.916733	0.404467	0.1	1.0811	1.30223	0.1	0.985945	0.103556	2.59076	9.20474	2.14566	0.718268	1.1931	0.501244	)	4.12003
(	0.482396	0.781086	2.97741	1.25618	0.597907	0.718279	0.302175	0.132331	0.778645	9.24935	0.24438	0.761162	1.14505	0.324354	0.122226	2.33301	0.1	1.7299	0.286227	1.32526	4.06643	0.13095	0.125409	0.244574	0.110634	0.226022	1.46501	0.1	9.91563	0.921013	0.404829	0.1	1.07797	1.30045	0.1	0.989221	0.103202	2.58584	9.19305	2.15076	0.717151	1.19484	0.500754	)	4.11694
(	0.483615	0.781001	2.97516	1.25645	0.597818	0.718893	0.300509	0.132371	0.776401	9.2666	0.244014	0.760949	1.13189	0.324771	0.122732	2.35318	0.1	1.7341	0.285381	1.32898	4.05932	0.1312	0.124841	0.244356	0.110352	0.225757	1.47409	0.1	9.91563	0.925431	0.405204	0.1	1.07432	1.29861	0.1	0.992581	0.10284	2.58078	9.18094	2.15624	0.716001	1.19664	0.500428	)	4.11372
(	0.484864	0.780959	2.97263	1.25678	0.597685	0.719506	0.298796	0.132404	0.77406	9.28385	0.243639	0.76071	1.11813	0.325198	0.123252	2.37395	0.1	1.73841	0.284513	1.3328	4.05203	0.13146	0.124463	0.244129	0.110061	0.225484	1.48352	0.1	9.91563	0.929987	0.405591	0.1	1.07119	1.29673	0.1	0.996026	0.102469	2.57559	9.16842	2.16133	0.714818	1.1985	0.500265	)	4.11037
(	0.486144	0.780959	2.96982	1.25718	0.597506	0.720095	0.297083	0.132431	0.771816	9.30046	0.243255	0.760445	1.10377	0.325636	0.123783	2.39531	0.1	1.74281	0.283623	1.33671	4.04456	0.131729	0.123895	0.243911	0.109761	0.225203	1.49327	0.1	9.91563	0.934682	0.405992	0.1	1.06859	1.29478	0.1	0.999554	0.102088	2.57026	9.15548	2.16603	0.713603	1.20035	0.499939	)	4.1069
(	0.487454	0.781001	2.96672	1.25764	0.597284	0.720709	0.295322	0.132451	0.769669	9.31643	0.242862	0.760153	1.08882	0.326085	0.124328	2.41726	0.1	1.74733	0.282713	1.34072	4.03692	0.132008	0.123517	0.243693	0.109451	0.224915	1.50303	0.1	9.91563	0.939514	0.406406	0.1	1.0665	1.29279	0.1	1.00317	0.101699	2.5648	9.14212	2.17034	0.712355	1.20227	0.499449	)	4.10329
(	0.488795	0.781086	2.96335	1.25817	0.597016	0.721348	0.293514	0.132465	0.767425	9.3324	0.242459	0.759834	1.07326	0.326545	0.124885	2.43981	0.1	1.75195	0.281782	1.34481	4.02909	0.132286	0.12295	0.243475	0.109132	0.224627	1.51313	0.1	9.91563	0.944484	0.406832	0.1	1.06441	1.29074	0.1	1.00686	0.1013	2.55921	9.12834	2.17426	0.711073	1.20423	0.498797	)	4.09956
(	0.490166	0.781212	2.95969	1.25876	0.596704	0.721988	0.291753	0.132471	0.765181	9.34901	0.242048	0.759489	1.05711	0.327016	0.125455	2.46295	0.1	1.75667	0.280829	1.349	4.02109	0.132574	0.122571	0.243248	0.108804	0.224331	1.52322	0.1	9.91563	0.949592	0.407271	0.1	1.06181	1.28863	0.1	1.01064	0.100893	2.55349	9.11415	2.17778	0.709759	1.20626	0.497981	)	4.09568
(	0.491568	0.781382	2.95576	1.25942	0.596348	0.722602	0.29004	0.132471	0.762937	9.36498	0.241627	0.759117	1.04036	0.327498	0.126038	2.48668	0.1	1.7615	0.279855	1.35329	4.01291	0.132871	0.122193	0.243021	0.108466	0.224028	1.53331	0.1	9.91563	0.954839	0.407724	0.1	1.05972	1.28648	0.1	1.01451	0.100476	2.54763	9.09995	2.18092	0.708413	1.20828	0.497003	)	4.09168
(	0.493	0.781593	2.95154	1.26015	0.595947	0.723241	0.288375	0.132465	0.760596	9.38159	0.241197	0.758719	1.02301	0.327991	0.126633	2.51101	0.1	1.76643	0.27886	1.35767	4.00456	0.133177	0.121815	0.242794	0.108118	0.223717	1.54307	0.1	9.91563	0.960223	0.408189	0.1	1.05763	1.28426	0.1	1.01846	0.100051	2.54164	9.08576	2.18366	0.707033	1.21036	0.495861	)	4.08756
(	0.494463	0.781846	2.94704	1.26094	0.595501	0.723855	0.286757	0.132451	0.758352	9.39756	0.240758	0.758294	1.00626	0.328495	0.127241	2.53593	0.1	1.77147	0.277844	1.36214	3.99602	0.133493	0.121436	0.242557	0.107762	0.223399	1.55283	0.1	9.91563	0.965746	0.408667	0.1	1.05555	1.282	0.1	1.02249	0.1	2.53551	9.07115	2.18601	0.70562	1.2125	0.494556	)	4.08392
(	0.495956	0.782142	2.94226	1.2618	0.595011	0.724443	0.285186	0.132431	0.756206	9.4129	0.24031	0.757842	0.990105	0.32901	0.127861	2.56144	0.1	1.77661	0.276807	1.3667	3.98731	0.133817	0.121058	0.24233	0.107396	0.223073	1.56292	0.1	9.91563	0.971406	0.409158	0.1	1.05398	1.27968	0.1	1.02661	0.1	2.52925	9.05612	2.18797	0.704175	1.21469	0.493088	)	4.08029
(	0.49748	0.78248	2.9372	1.26273	0.594477	0.725006	0.283664	0.132404	0.754157	9.42759	0.239853	0.757364	0.974551	0.329535	0.128495	2.58755	0.1	1.78186	0.275748	1.37136	3.97842	0.134142	0.120869	0.242102	0.10702	0.22274	1.57268	0.1	9.91563	0.977205	0.409662	0.1	1.05242	1.27731	0.1	1.03081	0.1	2.52286	9.04067	2.18992	0.702697	1.21694	0.491783	)	4.07658
(	0.499034	0.782861	2.93185	1.26372	0.593897	0.725543	0.282188	0.132371	0.752206	9.44164	0.239386	0.75686	0.959595	0.330061	0.12914	2.61425	0.1	1.78722	0.274668	1.37611	3.96935	0.134476	0.120491	0.241875	0.106636	0.222398	1.5821	0.1	9.91563	0.983141	0.410179	0.1	1.05085	1.27488	0.1	1.03509	0.1	2.51634	9.02481	2.19227	0.701186	1.21925	0.490641	)	4.07275
(	0.500619	0.783283	2.92623	1.26478	0.593274	0.726055	0.280761	0.132331	0.750352	9.45506	0.238911	0.756328	0.945236	0.330598	0.129799	2.64154	0.1	1.79268	0.273567	1.38095	3.96011	0.13482	0.120301	0.241657	0.106241	0.22205	1.59119	0.1	9.91563	0.989216	0.410708	0.1	1.04981	1.2724	0.1	1.03946	0.1	2.50968	9.00853	2.19502	0.699642	1.22161	0.489663	)	4.06881
(	0.502234	0.783748	2.92032	1.2659	0.592605	0.726541	0.279381	0.132284	0.748596	9.46784	0.238426	0.755771	0.931477	0.331145	0.13047	2.66943	0.1	1.79824	0.272445	1.38588	3.95068	0.135172	0.120112	0.241439	0.105838	0.221693	1.59994	0.1	9.91563	0.995429	0.411251	0.1	1.04825	1.26986	0.1	1.04391	0.1	2.50289	8.99183	2.19776	0.698065	1.22403	0.488847	)	4.06473
(	0.503879	0.784255	2.91414	1.26709	0.591893	0.727002	0.278048	0.13223	0.746937	9.47998	0.237932	0.755187	0.918315	0.331704	0.131154	2.69791	0.1	1.80391	0.271302	1.39091	3.94108	0.135534	0.119923	0.241231	0.105425	0.22133	1.60835	0.1	9.91563	1.00178	0.411807	0.1	1.0472	1.26727	0.1	1.04845	0.1	2.49597	8.97472	2.20011	0.696455	1.2265	0.488195	)	4.06053
(	0.505555	0.784805	2.90767	1.26835	0.591135	0.727436	0.276763	0.13217	0.745376	9.49147	0.237429	0.754576	0.905752	0.332263	0.131851	2.72698	0.1	1.80968	0.270138	1.39604	3.9313	0.135896	0.119734	0.241032	0.105002	0.220958	1.61642	0.1	9.91563	1.00827	0.412375	0.1	1.04616	1.26463	0.1	1.05307	0.1	2.48891	8.95718	2.20207	0.694813	1.22903	0.487705	)	4.05621
(	0.507262	0.785396	2.90092	1.26967	0.590333	0.727846	0.275526	0.132102	0.743913	9.50233	0.236917	0.753938	0.893787	0.332821	0.13256	2.75665	0.1	1.81556	0.268952	1.40125	3.92134	0.136258	0.119545	0.240833	0.104571	0.220579	1.62416	0.1	9.91563	1.0149	0.412957	0.1	1.04512	1.26193	0.1	1.05777	0.1	2.48172	8.93923	2.20363	0.693137	1.23162	0.487379	)	4.0518
(	0.508999	0.78603	2.89389	1.27106	0.589487	0.728229	0.274337	0.132029	0.742547	9.51256	0.236396	0.753275	0.88242	0.333391	0.133282	2.78691	0.1	1.82154	0.267745	1.40656	3.91121	0.136629	0.119545	0.240644	0.10413	0.220192	1.63156	0.1	9.91563	1.02166	0.413551	0.1	1.04407	1.25918	0.1	1.06256	0.1	2.4744	8.92086	2.20481	0.691429	1.23426	0.48689	)	4.04733
(	0.510766	0.786707	2.88658	1.27252	0.588596	0.728588	0.273194	0.131948	0.741279	9.52214	0.235865	0.752584	0.871652	0.333971	0.134016	2.81776	0.1	1.82763	0.266518	1.41196	3.9009	0.13701	0.119356	0.240464	0.103679	0.219798	1.63863	0.1	9.91563	1.02856	0.414159	0.1	1.04355	1.25638	0.1	1.06743	0.1	2.46708	8.90208	2.20559	0.689688	1.23696	0.486237	)	4.04282
(	0.512564	0.787425	2.87899	1.27404	0.58766	0.728971	0.2721	0.131874	0.739913	9.53236	0.235326	0.751867	0.860883	0.334563	0.134763	2.84921	0.1	1.83382	0.265269	1.41746	3.89041	0.1374	0.119356	0.240293	0.103219	0.219397	1.64536	0.1	9.91563	1.03561	0.414779	0.1	1.04303	1.25352	0.1	1.07239	0.1	2.45989	8.88287	2.20598	0.687947	1.23972	0.485422	)	4.0383
(	0.514393	0.788186	2.87111	1.27562	0.58668	0.729381	0.271053	0.131807	0.738449	9.54322	0.234777	0.751123	0.849516	0.335165	0.135523	2.88125	0.1	1.84012	0.263998	1.42304	3.87974	0.137789	0.119356	0.240132	0.10275	0.218987	1.65175	0.1	9.91563	1.04278	0.415412	0.1	1.04251	1.2506	0.1	1.07726	0.1	2.45283	8.86325	2.20598	0.686173	1.24247	0.484443	)	4.03378
(	0.516252	0.788989	2.86296	1.27728	0.585655	0.729815	0.270054	0.131747	0.736888	9.55472	0.234219	0.750353	0.837551	0.335779	0.136296	2.91388	0.1	1.84652	0.262707	1.42872	3.86889	0.138179	0.119356	0.239981	0.102271	0.21857	1.65781	0.1	9.91563	1.0501	0.416058	0.1	1.04199	1.24764	0.1	1.08205	0.1	2.44591	8.84405	2.20559	0.684432	1.24523	0.483301	)	4.02923
(	0.518141	0.789834	2.85452	1.279	0.584586	0.730276	0.269102	0.131693	0.73523	9.56686	0.233652	0.749557	0.824988	0.336403	0.137081	2.94711	0.1	1.85303	0.261394	1.4345	3.85787	0.138578	0.119356	0.239839	0.101783	0.218146	1.66353	0.1	9.91563	1.05756	0.416717	0.1	1.04147	1.24462	0.1	1.08676	0.1	2.43912	8.82526	2.20481	0.682658	1.24804	0.481996	)	4.02467
(	0.520061	0.790721	2.8458	1.28078	0.583472	0.730762	0.268198	0.131646	0.733474	9.57964	0.233076	0.748733	0.811827	0.337038	0.137879	2.98093	0.1	1.85965	0.260061	1.44037	3.84666	0.138977	0.119356	0.239706	0.101286	0.217714	1.66891	0.1	9.91563	1.06515	0.417389	0.1	1.04147	1.24154	0.1	1.09155	0.1	2.43246	8.80606	2.20363	0.680851	1.25091	0.480528	)	4.02011
(	0.522011	0.791651	2.8368	1.28263	0.582314	0.731274	0.267341	0.131606	0.73162	9.59305	0.23249	0.747884	0.798665	0.337684	0.138689	3.01534	0.1	1.86636	0.258706	1.44633	3.83529	0.139386	0.119356	0.239583	0.100779	0.217274	1.67463	0.1	9.91563	1.07288	0.418074	0.1	1.04147	1.23841	0.1	1.09642	0.1	2.4258	8.78686	2.20207	0.679012	1.25383	0.478897	)	4.01557
(	0.523992	0.792623	2.82753	1.28455	0.581111	0.731811	0.266532	0.131572	0.729669	9.60711	0.231896	0.747007	0.786102	0.338342	0.139512	3.05035	0.1	1.87319	0.257329	1.45238	3.82373	0.139803	0.119545	0.239469	0.100263	0.216827	1.68002	0.1	9.91563	1.08075	0.418772	0.1	1.04094	1.23523	0.1	1.10137	0.1	2.41901	8.76724	2.20011	0.677139	1.25681	0.477103	)	4.01108
(	0.526003	0.793637	2.81796	1.28654	0.579863	0.732373	0.265771	0.131546	0.72762	9.6218	0.231292	0.746104	0.774137	0.33901	0.140348	3.08595	0.1	1.88011	0.255932	1.45853	3.81199	0.14023	0.119545	0.239365	0.1	0.216372	1.68506	0.1	9.91563	1.08876	0.419482	0.1	1.04094	1.23199	0.1	1.10642	0.1	2.41209	8.7472	2.19776	0.675234	1.25985	0.475472	)	4.00668
(	0.528045	0.794694	2.80812	1.28859	0.578571	0.732962	0.265057	0.131526	0.725474	9.63585	0.230679	0.745175	0.76277	0.339689	0.141197	3.12214	0.1	1.88715	0.254514	1.46477	3.80008	0.140666	0.119356	0.239271	0.1	0.215909	1.68977	0.1	9.91563	1.0969	0.420206	0.1	1.04094	1.2287	0.1	1.11154	0.1	2.40504	8.72674	2.19502	0.673296	1.26294	0.474004	)	4.00241
(	0.530117	0.795793	2.798	1.2907	0.577235	0.73355	0.264391	0.131499	0.72323	9.64927	0.230058	0.744245	0.751403	0.340379	0.142058	3.15893	0.1	1.89429	0.253074	1.4711	3.78799	0.141103	0.119356	0.239185	0.1	0.215439	1.69415	0.1	9.91563	1.10519	0.420943	0.1	1.04094	1.22536	0.1	1.11675	0.1	2.39785	8.70587	2.19267	0.671325	1.26609	0.472699	)	3.99824
(	0.53222	0.796934	2.78759	1.29288	0.575853	0.734113	0.263772	0.131465	0.720986	9.66269	0.229436	0.743316	0.739438	0.341069	0.142932	3.19631	0.1	1.90153	0.251613	1.47752	3.77572	0.141548	0.119167	0.23911	0.1	0.214962	1.69819	0.1	9.91563	1.11361	0.421692	0.1	1.04147	1.22196	0.1	1.12204	0.1	2.39052	8.68458	2.19071	0.669321	1.26924	0.471557	)	3.99418
(	0.534353	0.798117	2.77691	1.29513	0.574428	0.734701	0.263201	0.131432	0.718644	9.67546	0.228814	0.742386	0.728071	0.34177	0.143818	3.23429	0.1	1.90888	0.250131	1.48404	3.76327	0.142003	0.119167	0.239043	0.1	0.214477	1.70189	0.1	9.91563	1.12217	0.422454	0.1	1.04147	1.21851	0.1	1.12742	0.1	2.38307	8.66287	2.18914	0.667284	1.27244	0.470579	)	3.99024
(	0.536517	0.799343	2.76594	1.29745	0.572957	0.73529	0.262678	0.131405	0.716205	9.6876	0.228201	0.74143	0.717303	0.342482	0.144717	3.27285	0.1	1.91633	0.248628	1.49066	3.75065	0.142467	0.118977	0.238986	0.1	0.213984	1.70593	0.1	9.91563	1.13087	0.42323	0.1	1.04147	1.215	0.1	1.13288	0.1	2.37548	8.64075	2.18797	0.665215	1.27571	0.469763	)	3.98644
(	0.538711	0.800526	2.75469	1.29983	0.571443	0.735904	0.262202	0.131385	0.713668	9.70038	0.227579	0.740474	0.705936	0.343194	0.145617	3.31201	0.1	1.92389	0.247104	1.49736	3.73785	0.142931	0.118977	0.238939	0.1	0.213484	1.70963	0.1	9.91563	1.1397	0.424018	0.1	1.04147	1.21144	0.1	1.13842	0.1	2.36776	8.6182	2.18718	0.663112	1.27902	0.469111	)	3.98278
(	0.540935	0.801667	2.74316	1.30227	0.569883	0.736543	0.261774	0.131371	0.711034	9.71379	0.226957	0.739492	0.695168	0.343917	0.146516	3.35177	0.1	1.93155	0.245559	1.50416	3.72487	0.143404	0.118977	0.238901	0.1	0.212976	1.71299	0.1	9.91563	1.14868	0.424819	0.1	1.04147	1.20783	0.1	1.14405	0.1	2.3599	8.59524	2.18679	0.660977	1.2824	0.468621	)	3.97929
(	0.54319	0.802766	2.73135	1.30479	0.568279	0.737208	0.261393	0.131365	0.708303	9.72785	0.226344	0.738483	0.684997	0.34464	0.147415	3.39211	0.1	1.93932	0.243992	1.51105	3.71171	0.143887	0.118977	0.238873	0.1	0.21246	1.71602	0.1	9.91563	1.15779	0.425633	0.1	1.04147	1.20416	0.1	1.14976	0.1	2.35191	8.57187	2.18601	0.658809	1.28583	0.468295	)	3.97597
(	0.545476	0.803823	2.71926	1.30736	0.56672	0.737899	0.26106	0.131365	0.705473	9.74254	0.225741	0.7375	0.674229	0.345373	0.148327	3.43305	0.1	1.94719	0.242404	1.51804	3.69837	0.144378	0.118788	0.238854	0.1	0.211937	1.71938	0.1	9.91563	1.16704	0.42646	0.1	1.04094	1.20043	0.1	1.15556	0.1	2.34379	8.54807	2.18483	0.656608	1.28931	0.468132	)	3.97283
(	0.547792	0.804837	2.70689	1.31001	0.565205	0.738615	0.260774	0.131371	0.702546	9.75788	0.225146	0.736491	0.66346	0.346118	0.149239	3.47459	0.1	1.95517	0.240795	1.52511	3.68486	0.14488	0.118788	0.238844	0.1	0.211407	1.72241	0.1	9.91563	1.17615	0.4273	0.1	1.04094	1.19666	0.1	1.16144	0.1	2.33554	8.52386	2.18327	0.654374	1.29286	0.468132	)	3.96988
(	0.550138	0.805809	2.69423	1.31272	0.563735	0.739357	0.260536	0.131385	0.699522	9.77385	0.224561	0.735455	0.65329	0.346874	0.150163	3.51671	0.1	1.96325	0.239165	1.53229	3.67117	0.14539	0.118599	0.238825	0.1	0.210868	1.72578	0.1	9.91563	1.18513	0.428153	0.1	1.04042	1.19283	0.1	1.16741	0.1	2.32715	8.49923	2.18131	0.652107	1.29646	0.468295	)	3.9671
(	0.552515	0.806739	2.6813	1.3155	0.562309	0.740124	0.260346	0.131405	0.6964	9.79046	0.223985	0.734446	0.643718	0.34763	0.1511	3.55943	0.1	1.97144	0.237514	1.53955	3.6573	0.14591	0.118599	0.238816	0.1	0.210323	1.72881	0.1	9.91563	1.19396	0.429019	0.1	1.0399	1.18894	0.1	1.17346	0.1	2.31863	8.47418	2.17935	0.649808	1.30011	0.468621	)	3.96451
(	0.554923	0.807626	2.66808	1.31828	0.560928	0.740917	0.260203	0.131432	0.69318	9.80771	0.223418	0.733463	0.634744	0.348397	0.152037	3.60275	0.1	1.97973	0.235841	1.54691	3.64325	0.146429	0.11841	0.238797	0.1	0.209769	1.73217	0.1	9.91563	1.20266	0.429897	0.1	1.03886	1.18501	0.1	1.17959	0.1	2.30997	8.44871	2.177	0.647476	1.30382	0.469111	)	3.9621
(	0.55736	0.808471	2.65458	1.32099	0.559591	0.741736	0.260108	0.131465	0.689863	9.82559	0.22286	0.732507	0.625172	0.349174	0.152987	3.64666	0.1	1.98813	0.234148	1.55436	3.62939	0.146958	0.11841	0.238788	0.1	0.209208	1.7352	0.1	9.91563	1.21122	0.430789	0.1	1.03782	1.18101	0.1	1.18581	0.1	2.30119	8.42283	2.17426	0.64511	1.30759	0.469763	)	3.95987
(	0.559829	0.809274	2.6408	1.32363	0.558299	0.74258	0.260061	0.131505	0.686449	9.84412	0.222311	0.731578	0.6156	0.349952	0.153924	3.69116	0.1	1.99663	0.232433	1.5619	3.61569	0.147478	0.118221	0.238769	0.1	0.20864	1.73789	0.1	9.91563	1.21964	0.431694	0.1	1.03677	1.17697	0.1	1.19211	0.1	2.29227	8.39653	2.17151	0.642712	1.31141	0.470579	)	3.95782
(	0.562328	0.810035	2.62674	1.32621	0.557052	0.74345	0.260061	0.131552	0.682936	9.86329	0.221771	0.730675	0.606626	0.35074	0.154862	3.73506	0.1	2.00524	0.230697	1.56954	3.60218	0.148007	0.118032	0.23874	0.1	0.208064	1.74092	0.1	9.91563	1.22793	0.432611	0.1	1.03521	1.17287	0.1	1.19849	0.1	2.28321	8.36981	2.16877	0.640281	1.31529	0.471231	)	3.95595
(	0.564857	0.810754	2.61297	1.32872	0.555849	0.744345	0.260108	0.131606	0.679327	9.88309	0.221241	0.729799	0.598251	0.351518	0.155799	3.77838	0.1	2.01395	0.22894	1.57727	3.58885	0.148527	0.117842	0.238702	0.1	0.20748	1.74361	0.1	9.91563	1.23607	0.433541	0.1	1.03312	1.16871	0.1	1.20496	0.1	2.27403	8.34268	2.16564	0.637818	1.31923	0.472047	)	3.95426
(	0.567417	0.81143	2.59947	1.33117	0.55469	0.745266	0.260203	0.131666	0.675619	9.90226	0.22072	0.728949	0.590474	0.352285	0.156723	3.8211	0.1	2.02277	0.227161	1.58509	3.57569	0.149037	0.117464	0.238655	0.1	0.206889	1.74664	0.1	9.91563	1.24408	0.434485	0.1	1.03104	1.16451	0.1	1.21151	0.1	2.26471	8.31513	2.16211	0.635321	1.32322	0.473025	)	3.95272
(	0.570007	0.812064	2.58625	1.33355	0.553577	0.746161	0.260346	0.131733	0.671912	9.92078	0.220207	0.728126	0.582696	0.353041	0.157635	3.86322	0.1	2.03169	0.225362	1.59301	3.56271	0.149557	0.117275	0.238598	0.1	0.20629	1.75	0.1	9.91563	1.25209	0.435441	0.1	1.02843	1.16025	0.1	1.21815	0.1	2.25525	8.28716	2.1582	0.632792	1.32727	0.474004	)	3.95134
(	0.572628	0.812655	2.57332	1.33586	0.552507	0.747031	0.260536	0.131794	0.668302	9.93867	0.219704	0.727329	0.575517	0.353785	0.158534	3.90476	0.1	2.04072	0.223541	1.60102	3.54991	0.150077	0.116897	0.238532	0.1	0.205683	1.7537	0.1	9.91563	1.26023	0.43641	0.1	1.0253	1.15593	0.1	1.22487	0.1	2.24567	8.25877	2.15389	0.630229	1.33138	0.47482	)	3.95008
